ι 33 ’ 11511111 [1814111114.

115111111111111111111111111111111111111111-1511.11111
1111 11111 1111 11111111 1111111 11111111115111111111111 1111111111 333
1111111111’5111111111111111111111111511111
1 111111111111111111151111 ,111111 1111111111 3333 33¹3 3333 1111111111
1 5111 11 3333 1111115 333 3333 111 111 111111 [1111111111
wmmww33wmffl33
ιε 11111151115111,1111151111111 3333 3333 233 15111 51111111111111
1 11111111111111] 1111111111 1111 1511111111, 11111111
u 111111111111-,1115111111 11111· 11 11511 111111 3353 5111511 ,11111
1111111111 1115111111 5111111111 ¹333 333 111111[1111·11]11151[1111]

1⁵ 15115111111111111115111111111111111 5111151 511111 111111 11111111
1111111111 111111 1111111151 151111111151111111111151111115111111
111111111111111115151111111111’,11111111111111511111111115111 ¹
11 1111111111 1111111 111 333 [33 111. 1111. 1111711] 111111
11111111111111115111115111111111111 11111111 11111111
1111111511111111111111 2111111 1111111111 1111111 1111
11111111111111111511111111111111111111111111111111
20 ,111115 111111 511111 111111 111 1111111] 3333 1111111151 5111 51111 3333
. 21 3333 5111151 3333 3333 1111511511 [3333] 33333 333 511 1151111
11111111111111111111111111111111 3⁴3 1111111111 11111111
11 1115 111111 111111 53³3 1111111111 1111 1111111111 3333
111111115111511111111 11111111 1 11 11111 ’1111111111
1 1111111 11111 111111111111111111 111111111111111111111.
11 11515111111111 2333 111111111111111111111111111111 1111
wwwwfflw

Dain'd 33 acie Philistaeorum rezeyatur.

111 1511111111111111111151111111111111111111115111111-
1 1111111111 1111111111111111111111 1111 1111111
1 11111111111111 333 11111111 11111111 11151 1111 111111
1111115111111111111 11 1111111151 111111 ,111111 1111111 [111111 ,111 333 111
1 333 111 1111151 1111111115 111111 1111111 111 1111 1111111 111111 111111

11111151 111111 111 3:33 111 11111 1111 1111151 1111 1111
8111111111, Libri 8111111111. ὗ

 

