61 1511111 [11111111 21 11-.,-11111 1

11111 1111111111 11111111111111111111111111 111111 111111111111111111
31111111 11111111 11111 11111 ‘aaa' 1111 ,111111 11111, 111 1111 1111111
,1111111111 1111111 1111111111 1111 ,11111111 511111, 111111 [111151 1111111
111311111111111111111111111,1111111111111111111111..111111511111111
1111 11111111 111111 1-1 111 1111111111 111 11111111 111111 1111 11

²² 11131Πῦ Ἦ 1ἵὲῑὲ 1333Μῄ ’Ἦ 33Ί““53 11313 W! W? 59? ³358]
111111111111111111111111111111[11111111111111111111
111111· 11111111 aava 1111. 1111 1111111111 1111. 1111
3 11111111.1111111111.1111111111111111111111511111111.-1131171ῦὲἒῖἾέ
2⁵ 111 1111111111111111] 111111 11111111Ι 11111 111 11111111 1111111] 11111111111111111111151,
11111111111111111.

(Versus 21, 1—-14 1111111111111111 eaput nonum.)

Breviariam bellorum a Davide cam Philistaeis aestaram.

1111 1111111111 [1111111111 1111111111 1111111111 1111 Ι1111111111 1111115 ,111111 111·1 ,1111
161111111111]1111111111111111 ’1,1111111111151111111 ’11111 1111111 1111111 1111 11111 11111111
a ’115 *aab 1511111111 1111 111 11111111 1111111111 111 ,1111111 111111 151111 11111111 111111
1511111 111111 11111 1151 ,1111111 1111111111

¹⁸ 11311 1111111111 11111 1111 111 1111111111 [1111111311 na 1111 11111111 111.
‘ww'

¹⁹ 1111 aaz 11111111 1111111111111111111 11. 11111111 [111 111111 1111111.
1 111111 11111 1111111 111

11 11111111111111111111111111111111111111111111111111111111111.
3 1111111 1111111111111111111111111111111111111111111111111111111111
11111 111 11111 1111. 111 1111111111. 131

Canticum Davidis, pietati ia Deam testandae factam.

111[111111111111111111111111111111111111111111.
ww

11111111 1111 ’1111 [1111111111] 1
1111111111 1111111111111111

 

