3 3 111111 [zm-33.

1 111111 11111 111 111111111111111111111111 1111111 111111 111.
1111111111111111111 1111111111111111111111111 11111 1111. 111111
1111111111 1111111111 11111 11111 1111 1111111 11111111 1111111111
u 1111111111 1111, 11111 11111111 11 11111111 1111111 33 1111 33 3³33 3333
1 111 1111111111, 11 111111 111111111111111111111111111111111
111111111111111 1111 11111 1111 111111 111 1111111 1111111111 11111
1111111 33³3 3333 1111111111 111111111111111111 1111 11111 111 111111
111111111111111111111111111111 111111 11111 111111 11111111
1⁷ 3333 33 33333 3333 ³3 11111111111111111111111111111111111111111111
3111 11111111 1111 1111111111111111111111111111 111111 11111111111
1ο -1111111111-111 1111111 1111111 1111 11111111 33³3 33 ,11111111 11 1111111111
[11111111] 1111Ι 33333 111111 3333 333313 111 11 ,1111 1111111 3333 3333
11 3333333 3333 11111 11111 ,1111111 11111, 111111 1111111 [33133333333
1 11111. 1111111 11111111111111 11111111 1111111 1111. 11111 11111
1 111111111111111 11111111 11111111 1111111111 1111 1111111111 111
’1111111 1111111111111111111111111111 ,11111111111 11111111 ,111 333
111111 11111] 11111111] 1111111 [11111111 111 333 11111111 ,1111111111 11
11 1111111111111111111111111111 1111111111 [11] 11111 1111111111 333733
23 1111111111 11111111 11111111 1111111111 111111 33333 3333 333³
3 333 333 33333 111111 11111111111111111111, 11111111 1111111111 11
1 11111 11111 11111 11111 [111111 11111111 1111111 11111 111111 1111111 ,1111 11111
1111111111111,11111111111111111111111111111111111
1111111111111111111111 1111111111. 11 1111111111 1111111 11111
111111111111 11111111 11111111111111111 111111 111111 11111111 1111111111
111111111111111111111111111111 1111111 1111111111 111 111111
³¹ 0³²3? 0³²³: 333 ²³53· ³1³³ ³333 3333 '5 1111111111 5¹32} 1119·Ἶέ
1 11111111111111111 1111111 1111111111 1111 111 11111111 1111111 1111111
1111 11111111 11111, 1111111 1111 1111111111 ’1111111111111111111
111111 11111 11111111 1111111111 1111111111 1111111111111111 1111111111 {3³31
⁴ 11 11111111111111111111111111 1111111. 11111 11111 1111111 11111
11 111111111111111111111111111111111111111111111111111111
1111111111 1111111111 11111111 1111 111111 111111 11111 1111111 11111

111111111111111111111111111111111111111111111111111111
1*

 

