κ &mv

Sauli oriqo. Saulus quaerit asinas patris perditas. ¹

9‚1 11111111 111111] natm &maz [11111111 1111, 11111 1111111111 mm
2 1111111111 111 vm< 1111 11111111111111111 11, ,πῃ-11] 11111111111111
1 1111111111 11111111 nul-1253* 1111111] tum-532 1111111111ς111 1111
[11111111111111111] 1111111 1111111111 11111111 51111151 111.
nvp* 1111111111111 11111 sstff. ³12²} 11111 1111115111 1111, 11111 :12:11
411111111111111111111 11111111111111111111111111
1 ·1111111111111111111 111 111111 11111111, 1111111111 111111.
1 was κιρ-,111 [1111] 11 13111, 1111 ²¹33} 1111111111 '2²5 &zm-12 ³3³3& ''²ss 111,
1111111111111111111111 ways: 11 *1:333 111111 11111111 111111
1 11111111111111111111111111111. 1111111111111111111
s 111111111111, 11111111 11111111111111111115111111 11111 51³5 111111
11 111, 111111 11111 1111111111 1111 11111, 1111111111111111
10 11111111 1111111 1111, ,1311 ,111 11111111111111111111 11111115
11 072 1111111111 11111 1111111111 w] ,111111 11111111 2an 1111
1 111111111111111111111 11111 1111111111 111111 111 1111 w? 1111111
1 11115111111111111111 Ι1111111-111111111111111111111111111111
1 mk 1111111 11 11111 111111 111111 1111111 1111111111 mm ³¹:¹⁹. [1111
11111 111 111 1111111111 11111111 11111111111111111
1 111111111111111, 11111 1111111 nm? [11111111 ³⁵2„ 11111 11111ὶῇ111 111111
111111111111111, 111111111111111111111111111111
1111111111111111 111111111111111 1111111111111111111
111 1 1111111111 1111111 11 11111 111111, 11111 1111. 111
1 1, 1111111 1111 1111111111, 111111 1111111111 11111111
1 nxz) ,11 15 *b 11111111 aputu, 1111111111 1111111111ωὲ1 11111111
11111111111111111111111111111111111 11111 11 11111
1111 11 111111 11111111 111 11 11111 111, 111, 1111111111 111
1111111111111111 1111111111 1111111111 111111111111
1 11111111 11111 1111111 1111 1111111111 1111 11 1111
1 11111111.11111111111111111,111111111111111111111111
115111 11111 1111111 vm 11111 1111111, ,1111111 1111111111 11111115
111111111111111111111111111 11111 1111111111. 1111

31111131, Libri Sumuelis. 2

 

