ll ⁴ 11 Ι1111111 [10‚19-57.11‚1-14.

1111111111111111111·1111111111111111111
1111111111 05 1111 111111 1111111 111111 1111 1111 11111
1111111111111111111111 1111111 11111111 111111 1111111
11111111 11111111111111111111111111111111111
[111111 11111 111111 11111 ’1111111111 11111. [11111111 11111 111

11 11111111 ,11111 1111111111] 5555 1111111 1111 11111111 11111 1111111111,
58 1111111111 11111111 111111, 1111111111 11111111111111111111111111111111111111111
11 1111 1111 1111· 55· 55 5555 111111 ,111111 11111 111· 511 ,11111 111 11111
1,,111 ³5 1111111 111111 1[11[1 1111111 11111 111111 1111111111 555

,1 111111111111 11111 1111 111111 ,11111 11111 1111, 111111 1111111111
11 111 11111 ,111111 55³ 55 111 11111111111111111111111111111111111111
³³ 1511111111111111111151111111 11111 11111, 111 111, 511111]
1[] ,11111 55 111111

Samuel sollenmiter iudicis 1111111111 abdicat.

11,1 53:⁸53555 555515555 55:55 155 111111 1111 555 [5555555 ³55]

2 1111111111111111111111 111111 1111 1111111111] 1111
³ 11111111111111111111111111111111111111
111111111111111151111111111111111111111111111
1 1111111111 111111 11111111 111111 1[1111111 1111111111 1111111] 11111 1111111 11111
. 1111 11 11111 111 11111. 111111 1111 1111. 111 1111 1111] 11111
1111111111111111111111111·111111111·11111·11[111111
11111111111111 1111111111 1111111111 11111111] 1111· 55 1111111111 11111111
11111 11111111 111 5555 1111· 111 [11111111] 5555 [111111111111111111
·11111111·1111111[1[1111111111 ,11 11111111 111111 1111111 1111111111 1111111111

a 1[]1111 1111111111 5111111·1 1111 11111 ,1111 111111 111111 1111 11111111
11111111 111· ,11111 1111 111111111111111111 11111111 ,11 111111 11 1111111 [111111
1111]11111111111111111111111111111111111111111111111111111111111]
11 111111111111111 111111115111111111111111111[11111111
1[1·1111111,[·111[·1111[[111111111111111111111111111111111111111111111111
555 1111111111 1111 111111] 1111111111 1111111111111111 1111, 11111111 1111

,1 11111111 11111111 [11111 111111 111111111111111 111[111111111111111111 11111

11 111111 11111111 ,111111 1111111111 111111 1111111 1111 1111111 5111111 11111
2.

 

