333-3333343] 333333 34
33333 333 33333333333333133333330333⁵ -
[3333333333 33333333 333
3333333 33. 33333 333333

ψ 33 333 333 33 ³33 333 3:3- 333 33] 333. 333-3] 3333 333-3

3333 33333 333333 33 333333. 333. 333 33 333 33333333 33 33333
33, 3333. ’33333 33 33 33 33333 3333 33 3333 33] 3333]
3333 33] 33333] 33333333 333.- 3333 33 33 3 33333]
3 333333] 3333 333] 3,]. 3333 333 ’333 333] 3333] 33 3 333
33333 333. 333¹>- 333] 3333 333 33333333 3·3 33 333
33 33333] 3333 33] 33333, 3333 333-3, 3333] 333 3333 333 ¹⁰
33333 333 ,333 3333 33 33333 3333· 33 3333 3333 33 3333333333
33333 ,333333 333 333 33333, 33333 333 3333, 3333313333333333 33333 ¹1
¹ ’ ,333-33, 333 33333333 33333 33333 3333 33333 333333]

David urbem Siklaq invenit ab Amaleaitis vastatam, quas persecatus vincit
praedasque maynaa facit.
3333· 3333 333-33] 3333 33333333 3333333 333 3333] 33333, 333 333 333 303
3333, Π 3333333 333] 33333· 33 3333 3333r 333 33333 333333 333, 2
3333333333] 333333 333 3333 ,3333 3333- 33 333333 3333333 233333 3333 3
333333 33 333 ,333 333 33 33333, 3333· 33 333-333 333] 333 333 33333,
3333 3333] 333333 333· 333, 3333333 ,33333333 333 335= 3333 333-333 333] ⁶
33333 [333-33], ][]33· 33 333 33333 333 ,3333 3 33333 333- 3333333 3333
333333 33 33· ,33333 333 33 33 3333 3333333 333 3333 333333 3333 333, 3
33333 3333 ,3333 [33] 3333 33333, 333 3333, [333-33 3333333 333 33 3333, ⁸
[333 33333, 333333 333

3333 33333 3333 333-33 333
3333, ,3333 333333 31333 333· 33, 3333, 3333 33 3333333 333 333 ,33333 ⁹
33333 333· 33 3333 3333] 333 333 333333 3333 3 333 333-33333, 333 333
3333 33333, 333 333333, 333-33 [33333] 33]] 3333 3333 [3333333 333333, 11
333 3333333 3 333 3333 3333 33 333] 33333] 333] 3333 333 3333333, 33333 12
333 333 333, 3333·-3 333 333 33333333, 33333 33333 333 33333333 ,333-333, ι]
33333 3333 333 333333 33 3333 3333 ,33333 3333 333 3333 333 333333]
3333 3333· 333 333 333-333 ,333333 333-333 33333 333 [33] 3333 333333]

 

