11‚13.12,1-21.] 3 'm 13

3331333 33333 ³³3 23³3 ³3 333-33 333 333 333 333333 ³³
33333 ³³³3 ³3 333333 33 [3333333333] 3333553333 33
333-3. 333

ovatio samm mim rm· 333333 habita.

3333 3333333333 3333 3333333 3333333333 3333. 131
01³3 33 [3333333 3333] 33. 3333 3333. 333] 33 3333 3333 3333 2
3333 333 33 ’3 3333 33 3333] ’3333 3333 ’333333 333] 33] 33333
3333 33333. ’3333 33333 3333, 3333 3 33333. ’3333 3 33333 3333
33333. 333 33333333 333333 3333 33333 333 [33333333 3333 333 333 ‹
³3 33 33] 3333 33 333 333. 33333 3333. 33333 ³3³1*- 3333353 ⁵
33 [33. 333] 33333 3333 3333 333. [333333 3333 ³³3 33333 33 ⁶
33333 333 3333333 333 3333. 333-33 333333, 3333333 333 333
33333333 333333 3333333333 33333333333333 2
33333333 333] [333-33 33]] 3333 33333, 3333] 3333333333 333333
3333 3333] 33333. 3333333 33333] 333333 333-3333 33333 33
[33333 3333 333333 3333 ³23 333 333] 3333 333-33 33333 33333
33333 [333333 333-’33 3333 333 33333333 333333 333] 333 3333 33333333 1⁰
33333 333 3333 333 3333 3333333333 3333333 33333 333-33 33333 3
’333 [13333333 u 333-3333333333 3333] 33 3333 33333 333333 11
333 333 3 33333 3333 33333 33333 33333 333 3333 3333 [333333
33333 33333 333-3 ³133 333. 333 33 3 3333] 3333 33 333333, 3
33333 ³³³ 3333333. 333333 333-33 2ss 33333 ³33 333] 33 333 3
33 3333 333-333 333333 333-3 33 3333] 33. ’3333 333] 353 33333
333-3·- ³333 33. 3333 3333 333 3333 333] 35333 33333333] 333 1⁵
333 33 ³³³3 333-33 3333 333333 3333] 3333333333 333333 33 3
333 3333 333 333 3333 3333 333 333-333 3333 33333 33 333 1³
33333 33333, 3333 333 33333 333 3333 33333 3333 333 33333³ 3 3333 ι,
3333333333 333333 333 333-333 333 33333 333 3333 333 3333 33³3 333³·53
3 333-333 3333 3333· 33 3333333 33333 33333· 33 333-33 33333 ι,
333 3333 333-33 33333 33333, 333 333 3333 333 33333333· 33 3333333
3333 333333 3333 33333 33333· 33 33 3333 333333 33 33 33 333
3333 33333· 333 3333333 333 [3333333 ³333 1] 33333 333 33333· 333 3,

 

