11],11-[1. 3⁰, 1-111 1 111111 60

’1111111111111111111111111[11111111111111111111. 1
111111111111111111111111111111111111 11111111
1111[111111,[1[1]1,1·111 11111111 1111111111 11111111 1111111 ,11111 111 333
111 11 1111, *¹23 33 11111 [111151111151111111115111 1
5111111 11. 11111111111111111111111115111111111111111 1
1111111111 111 11 [111111 11 11111 1111111111 1111, 1111
1111 1111, 11111 1111. 111111 11111111 111111. ’111 1111111.
1111111 111

Rebellio a Seba Beniaminita mota sedatur.

11111111 111111 111, 111 ’11111 1111111 1111 111 111111 111 111
111111. 111111111111111 111111 111 1111 ,111 1111
’11111111111111111111111111111111111111111
1111 11111 33⁹3 [1111111111- 33 1111111111] [1111-11111111111 111111,
11111111111111111111111111111 1111111 11111111111111· 33 111111 333
1111111 [111111 1111111111] ,1111111111111111111111111111111 ,
[11111] 111111. [1111 [1111] 1111 1111111111111 ,1111111111 ,111111 111111 ,11111
·111111,1[11]1111[1[1111111·111111·11111 111 11111111 [111111-1 3 1111111
[11111 11111111] ’1111111111111111 11111111 111111111111111111111 ,
’111111 1111111 1111111111 11111, 111111 111 [111 111. 1111
11 111111] 1111111 33 1111111111 11111111111111111111111111 1111 s
111111111111111 1111 11111 11111 1111 [1111111]11[;1 1111111111 [111111
111111[,1]1111111111,111111111,1111111 1111111111 111111 [3333 11],11 ,111111 1
111111111111111111111 11111 11111111 111111 ,11-,11111111111111 111111,
111111111111111111111111111111111,11111111111111
111111111111111111111111111111111111111 1111111
11111 1111111111] 1111 1111111111111 11111. 11111111 1
1111111 1111111 111111 111. 11111 1111 1111 1111111111
11111 1111 111 1111111 1111111 11111111 [1111 11111 111,
1111. 1111111 1111 11111 1111 111111111111111 111111 ¹⁴
11111 ..1111 [1111] 3333 111111 1111111111 [11111 1111111111 1111111111] ι,
[111111 11111 333 1111111111 ,1111 111111 ,11111 1111111111111 3333
[33333133333 ,11111111 11111 111111 1111·11111111111·’1111111 3333 16

 

