1⁷‚30-42. 30-433

(Historia rermn a Davide qestarum.)

³⁰ 3333333333] ,333333333333 33333 “

³1 3333333333 333333 33133333 3333333333, 33333
333. 333333, 3] 3333333 33333333 33333 333 333

33333333

3333333 33333 33333 11

⁴1 333 33333 333333 3333 333 333333 333
⁴² 11 33333333. 33333 3333
wmwQQmfflv

33333333333333333333333333333]3333333 ·

κ 333333

(Iliber Samuelis.)

Π 333 3333 333333 33
333333 333 333333 333333 ,[3333333333333331
333333 333333 ,333333 3333333 33333333
’33 333· 333 33333333 333 33333 [333333
vQQQQQQQ
33333 333 333333 333333 33333, 1333 33
waQQQQ
QQQQQQQ
3wawmww
3QQQQQQQ
*QQQQQQ
QQQQQQQ
3333333333 33333333 33 3333333333 33·
QQQQQQ
333 333333 33333 333 3333] 333
QQQQQQ
333 3333333 333 333 33333 3333333 333 37
mwwmffimw
333333 333333 ,333 *33333 333 3333 3333 3333
1331? ,3333 ,33333 33 333333

333333] 333 3333333 33333 33333 ³⁸
333 333333, 3333333333, 3333333 33333] 33
QQQQQQ3
333 33333333 333 333333 [3333 3333
*QQQQQQ
3333333 3333 3333 33333 3333333 3333 3
QQQQQQQQ
333 3333 3333 33333 [3 3333333 33333

333 [3331333 333333 3333333 [33333] 333333] 33
ἶῆέξῖἳέ ΠΨΠῚ.

 

